f 1m 1f 2m 2f 3m 3f 4m 4f 5m 5f 6m 6f 7m 7f 8m 8f jL0100m jL0100f jV0400m jV0400f jV0600m jV0600f jV0700m jV0700f jV0800m jV0800f
1.0000e+002 6.68767e-006 111.488 1.06437e+001 -68.512 4.80934e-002 -9.028 0.00000e+000 0.000 4.76862e-002 -169.759 1.00000e-001 0.000 0.00000e+000 0.000 0.00000e+000 0.000 6.68766e-006 21.488 1.20872e-014 80.972 1.39093e-013 -83.116 2.72329e-012 23.168 6.69803e-006 -158.564
1.2915e+002 8.87935e-006 106.951 8.47185e+000 -73.049 4.68179e-002 -7.579 0.00000e+000 0.000 4.86467e-002 -171.802 1.00000e-001 0.000 0.00000e+000 0.000 0.00000e+000 0.000 6.87495e-006 16.951 1.51972e-014 82.421 1.82311e-013 -84.454 2.80036e-012 19.121 6.88560e-006 -163.089
1.6681e+002 1.16685e-005 103.278 6.67404e+000 -76.721 4.59621e-002 -6.182 0.00000e+000 0.000 4.92666e-002 -173.520 1.00000e-001 0.000 0.00000e+000 0.000 0.00000e+000 0.000 6.99506e-006 13.278 1.92691e-014 83.818 2.37693e-013 -85.599 2.85064e-012 16.080 7.00590e-006 -166.753
2.1544e+002 1.52322e-005 100.354 5.22294e+000 -79.645 4.54112e-002 -4.946 0.00000e+000 0.000 4.96555e-002 -174.918 1.00000e-001 0.000 0.00000e+000 0.000 0.00000e+000 0.000 7.07016e-006 10.354 2.45887e-014 85.054 3.08805e-013 -86.541 2.88354e-012 13.971 7.08111e-006 -169.669
2.7826e+002 1.98017e-005 98.051 4.07034e+000 -81.947 4.50660e-002 -3.907 0.00000e+000 0.000 4.98954e-002 -176.035 1.00000e-001 0.000 0.00000e+000 0.000 0.00000e+000 0.000 7.11635e-006 8.051 3.15161e-014 86.093 4.00282e-013 -87.297 2.90623e-012 12.718 7.12738e-006 -171.966
3.5938e+002 2.56760e-005 96.249 3.16397e+000 -83.749 4.48534e-002 -3.063 0.00000e+000 0.000 5.00416e-002 -176.916 1.00000e-001 0.000 0.00000e+000 0.000 0.00000e+000 0.000 7.14449e-006 6.249 4.05126e-014 86.937 5.18124e-013 -87.895 2.92415e-012 12.268 7.15555e-006 -173.763
4.6416e+002 3.32408e-005 94.845 2.45557e+000 -85.152 4.47238e-002 -2.389 0.00000e+000 0.000 5.01302e-002 -177.605 1.00000e-001 0.000 0.00000e+000 0.000 0.00000e+000 0.000 7.16151e-006 4.845 5.21729e-014 87.611 6.70074e-013 -88.365 2.94184e-012 12.600 7.17261e-006 -175.163
5.9948e+002 4.29937e-005 93.754 1.90397e+000 -86.243 4.46453e-002 -1.858 0.00000e+000 0.000 5.01836e-002 -178.143 1.00000e-001 0.000 0.00000e+000 0.000 0.00000e+000 0.000 7.17178e-006 3.754 6.72657e-014 88.142 8.66129e-013 -88.732 2.96388e-012 13.729 7.18289e-006 -176.252
7.7426e+002 5.55763e-005 92.906 1.47542e+000 -87.089 4.45980e-002 -1.443 0.00000e+000 0.000 5.02157e-002 -178.561 1.00000e-001 0.000 0.00000e+000 0.000 0.00000e+000 0.000 7.17795e-006 2.906 8.67849e-014 88.557 1.11919e-012 -89.017 2.99595e-012 15.704 7.18907e-006 -177.096
1.0000e+003 7.18167e-005 92.248 1.14292e+000 -87.746 4.45695e-002 -1.119 0.00000e+000 0.000 5.02351e-002 -178.885 1.00000e-001 0.000 0.00000e+000 0.000 0.00000e+000 0.000 7.18167e-006 2.248 1.12015e-013 88.881 1.44591e-012 -89.238 3.04614e-012 18.600 7.19278e-006 -177.751
1.2915e+003 9.27837e-005 91.738 8.85162e-001 -88.254 4.45524e-002 -0.867 0.00000e+000 0.000 5.02467e-002 -179.136 1.00000e-001 0.000 0.00000e+000 0.000 0.00000e+000 0.000 7.18390e-006 1.738 1.44618e-013 89.133 1.86779e-012 -89.410 3.12655e-012 22.493 7.19501e-006 -178.258
1.6681e+003 1.19857e-004 91.342 6.85428e-001 -88.648 4.45421e-002 -0.672 0.00000e+000 0.000 5.02536e-002 -179.331 1.00000e-001 0.000 0.00000e+000 0.000 0.00000e+000 0.000 7.18524e-006 1.342 1.86738e-013 89.328 2.41259e-012 -89.543 3.25540e-012 27.424 7.19635e-006 -178.652
2.1544e+003 1.54819e-004 91.034 5.30699e-001 -88.954 4.45360e-002 -0.520 0.00000e+000 0.000 5.02578e-002 -179.482 1.00000e-001 0.000 0.00000e+000 0.000 0.00000e+000 0.000 7.18606e-006 1.034 2.41148e-013 89.480 3.11618e-012 -89.646 3.45919e-012 33.340 7.19715e-006 -178.956
2.7826e+003 1.99970e-004 90.794 4.10849e-001 -89.190 4.45323e-002 -0.403 0.00000e+000 0.000 5.02603e-002 -179.599 1.00000e-001 0.000 0.00000e+000 0.000 0.00000e+000 0.000 7.18656e-006 0.794 3.11429e-013 89.597 4.02485e-012 -89.726 3.77445e-012 40.040 7.19764e-006 -179.192
3.5938e+003 2.58283e-004 90.606 3.18015e-001 -89.373 4.45301e-002 -0.312 0.00000e+000 0.000 5.02618e-002 -179.690 1.00000e-001 0.000 0.00000e+000 0.000 0.00000e+000 0.000 7.18688e-006 0.606 4.02206e-013 89.688 5.19841e-012 -89.788 4.24844e-012 47.155 7.19792e-006 -179.375
4.6416e+003 3.33597e-004 90.458 2.46099e-001 -89.515 4.45287e-002 -0.241 0.00000e+000 0.000 5.02627e-002 -179.760 1.00000e-001 0.000 0.00000e+000 0.000 0.00000e+000 0.000 7.18712e-006 0.458 5.19454e-013 89.759 6.71410e-012 -89.836 4.93883e-012 54.221 7.19810e-006 -179.516
5.9948e+003 4.30869e-004 90.341 1.90376e-001 -89.625 4.45279e-002 -0.187 0.00000e+000 0.000 5.02632e-002 -179.815 1.00000e-001 0.000 0.00000e+000 0.000 0.00000e+000 0.000 7.18732e-006 0.341 6.70888e-013 89.813 8.67166e-012 -89.873 5.91372e-012 60.800 7.19820e-006 -179.626
7.7426e+003 5.56507e-004 90.245 1.47180e-001 -89.710 4.45275e-002 -0.144 0.00000e+000 0.000 5.02635e-002 -179.857 1.00000e-001 0.000 0.00000e+000 0.000 0.00000e+000 0.000 7.18756e-006 0.245 8.66477e-013 89.856 1.11999e-011 -89.902 7.25399e-012 66.602 7.19826e-006 -179.711
1.0000e+004 7.18789e-004 90.166 1.13669e-001 -89.776 4.45272e-002 -0.111 0.00000e+000 0.000 5.02637e-002 -179.890 1.00000e-001 0.000 0.00000e+000 0.000 0.00000e+000 0.000 7.18788e-006 0.166 1.11909e-012 89.889 1.44653e-011 -89.924 9.05867e-012 71.506 7.19830e-006 -179.777
