f 1m 1f 2m 2f 3m 3f 4m 4f jV0001m jV0001f jV0002m jV0002f jV0003m jV0003f jV0004m jV0004f
1.0000e+003 1.00000e+000 180.000 0.00000e+000 0.000 1.00000e+000 180.000 0.00000e+000 0.000 5.44543e-011 -90.000 2.20000e-004 180.000 7.53982e-011 -90.000 1.00500e-004 180.000
1.2915e+003 1.00000e+000 180.000 0.00000e+000 0.000 1.00000e+000 180.000 0.00000e+000 0.000 7.03304e-011 -90.000 2.20000e-004 180.000 9.73806e-011 -90.000 1.00500e-004 180.000
1.6681e+003 1.00000e+000 180.000 0.00000e+000 0.000 1.00000e+000 180.000 0.00000e+000 0.000 9.08352e-011 -90.000 2.20000e-004 180.000 1.25772e-010 -90.000 1.00500e-004 180.000
2.1544e+003 1.00000e+000 180.000 0.00000e+000 0.000 1.00000e+000 180.000 0.00000e+000 0.000 1.17318e-010 -90.000 2.20000e-004 180.000 1.62441e-010 -90.000 1.00500e-004 180.000
2.7826e+003 1.00000e+000 180.000 0.00000e+000 0.000 1.00000e+000 180.000 0.00000e+000 0.000 1.51522e-010 -90.000 2.20000e-004 180.000 2.09800e-010 -90.000 1.00500e-004 180.000
3.5938e+003 1.00000e+000 180.000 0.00000e+000 0.000 1.00000e+000 180.000 0.00000e+000 0.000 1.95699e-010 -90.000 2.20000e-004 180.000 2.70967e-010 -90.000 1.00500e-004 180.000
4.6416e+003 1.00000e+000 180.000 0.00000e+000 0.000 1.00000e+000 180.000 0.00000e+000 0.000 2.52754e-010 -90.000 2.20000e-004 180.000 3.49968e-010 -90.000 1.00500e-004 180.000
5.9948e+003 1.00000e+000 180.000 0.00000e+000 0.000 1.00000e+000 180.000 0.00000e+000 0.000 3.26445e-010 -90.000 2.20000e-004 180.000 4.52000e-010 -90.000 1.00500e-004 180.000
7.7426e+003 1.00000e+000 180.000 0.00000e+000 0.000 1.00000e+000 180.000 0.00000e+000 0.000 4.21620e-010 -90.000 2.20000e-004 180.000 5.83781e-010 -90.000 1.00500e-004 180.000
1.0000e+004 1.00000e+000 180.000 0.00000e+000 0.000 1.00000e+000 180.000 0.00000e+000 0.000 5.44543e-010 -90.000 2.20000e-004 180.000 7.53982e-010 -90.000 1.00500e-004 180.000
1.2915e+004 1.00000e+000 180.000 0.00000e+000 0.000 1.00000e+000 180.000 0.00000e+000 0.000 7.03304e-010 -90.000 2.20000e-004 180.000 9.73806e-010 -90.000 1.00500e-004 180.000
1.6681e+004 1.00000e+000 180.000 0.00000e+000 0.000 1.00000e+000 180.000 0.00000e+000 0.000 9.08352e-010 -90.000 2.20000e-004 180.000 1.25772e-009 -90.000 1.00500e-004 180.000
2.1544e+004 1.00000e+000 180.000 0.00000e+000 0.000 1.00000e+000 180.000 0.00000e+000 0.000 1.17318e-009 -90.000 2.20000e-004 180.000 1.62441e-009 -90.000 1.00500e-004 180.000
2.7826e+004 1.00000e+000 180.000 0.00000e+000 0.000 1.00000e+000 180.000 0.00000e+000 0.000 1.51522e-009 -90.000 2.20000e-004 180.000 2.09800e-009 -90.000 1.00500e-004 179.999
3.5938e+004 1.00000e+000 180.000 0.00000e+000 0.000 1.00000e+000 180.000 0.00000e+000 0.000 1.95699e-009 -90.000 2.20000e-004 180.000 2.70967e-009 -90.000 1.00500e-004 179.999
4.6416e+004 1.00000e+000 180.000 0.00000e+000 0.000 1.00000e+000 180.000 0.00000e+000 0.000 2.52754e-009 -90.000 2.20000e-004 180.000 3.49968e-009 -90.000 1.00500e-004 179.999
5.9948e+004 1.00000e+000 180.000 0.00000e+000 0.000 1.00000e+000 180.000 0.00000e+000 0.000 3.26445e-009 -90.000 2.20000e-004 180.000 4.52000e-009 -90.000 1.00500e-004 179.999
7.7426e+004 1.00000e+000 180.000 0.00000e+000 0.000 1.00000e+000 180.000 0.00000e+000 0.000 4.21620e-009 -90.000 2.20000e-004 180.000 5.83781e-009 -90.000 1.00500e-004 179.998
1.0000e+005 1.00000e+000 180.000 0.00000e+000 0.000 1.00000e+000 180.000 0.00000e+000 0.000 5.44543e-009 -90.000 2.20000e-004 180.000 7.53982e-009 -90.000 1.00500e-004 179.998
1.2915e+005 1.00000e+000 180.000 0.00000e+000 0.000 1.00000e+000 180.000 0.00000e+000 0.000 7.03304e-009 -90.000 2.20000e-004 180.000 9.73806e-009 -90.000 1.00500e-004 179.997
1.6681e+005 1.00000e+000 180.000 0.00000e+000 0.000 1.00000e+000 180.000 0.00000e+000 0.000 9.08352e-009 -90.000 2.20000e-004 180.000 1.25772e-008 -90.000 1.00500e-004 179.996
2.1544e+005 1.00000e+000 180.000 0.00000e+000 0.000 1.00000e+000 180.000 0.00000e+000 0.000 1.17318e-008 -90.000 2.20000e-004 180.000 1.62441e-008 -90.000 1.00500e-004 179.995
2.7826e+005 1.00000e+000 180.000 0.00000e+000 0.000 1.00000e+000 180.000 0.00000e+000 0.000 1.51522e-008 -90.000 2.20000e-004 180.000 2.09800e-008 -90.000 1.00500e-004 179.994
3.5938e+005 1.00000e+000 180.000 0.00000e+000 0.000 1.00000e+000 180.000 0.00000e+000 0.000 1.95699e-008 -90.000 2.20000e-004 179.999 2.70967e-008 -90.000 1.00500e-004 179.992
4.6416e+005 1.00000e+000 180.000 0.00000e+000 0.000 1.00000e+000 180.000 0.00000e+000 0.000 2.52754e-008 -90.000 2.20000e-004 179.999 3.49968e-008 -90.000 1.00500e-004 179.990
5.9948e+005 1.00000e+000 180.000 0.00000e+000 0.000 1.00000e+000 180.000 0.00000e+000 0.000 3.26445e-008 -90.000 2.20000e-004 179.999 4.52000e-008 -90.000 1.00500e-004 179.987
7.7426e+005 1.00000e+000 180.000 0.00000e+000 0.000 1.00000e+000 180.000 0.00000e+000 0.000 4.21620e-008 -90.000 2.20000e-004 179.999 5.83781e-008 -90.000 1.00500e-004 179.983
1.0000e+006 1.00000e+000 180.000 0.00000e+000 0.000 1.00000e+000 180.000 0.00000e+000 0.000 5.44543e-008 -90.000 2.20000e-004 179.998 7.53982e-008 -90.000 1.00500e-004 179.979
1.2915e+006 1.00000e+000 180.000 0.00000e+000 0.000 1.00000e+000 180.000 0.00000e+000 0.000 7.03304e-008 -90.000 2.20000e-004 179.998 9.73806e-008 -90.000 1.00500e-004 179.972
1.6681e+006 1.00000e+000 180.000 0.00000e+000 0.000 1.00000e+000 180.000 0.00000e+000 0.000 9.08352e-008 -90.000 2.20000e-004 179.997 1.25772e-007 -90.000 1.00500e-004 179.964
2.1544e+006 1.00000e+000 180.000 0.00000e+000 0.000 1.00000e+000 180.000 0.00000e+000 0.000 1.17318e-007 -90.000 2.20000e-004 179.996 1.62441e-007 -90.000 1.00500e-004 179.954
2.7826e+006 1.00000e+000 180.000 0.00000e+000 0.000 1.00000e+000 180.000 0.00000e+000 0.000 1.51522e-007 -90.000 2.20000e-004 179.995 2.09800e-007 -90.000 1.00500e-004 179.940
3.5938e+006 1.00000e+000 180.000 0.00000e+000 0.000 1.00000e+000 180.000 0.00000e+000 0.000 1.95699e-007 -90.000 2.20000e-004 179.994 2.70967e-007 -90.000 1.00500e-004 179.923
4.6416e+006 1.00000e+000 180.000 0.00000e+000 0.000 1.00000e+000 180.000 0.00000e+000 0.000 2.52754e-007 -90.000 2.20000e-004 179.992 3.49968e-007 -90.000 1.00500e-004 179.900
5.9948e+006 1.00000e+000 180.000 0.00000e+000 0.000 1.00000e+000 180.000 0.00000e+000 0.000 3.26445e-007 -90.000 2.20000e-004 179.990 4.52000e-007 -90.000 1.00500e-004 179.871
7.7426e+006 1.00000e+000 180.000 0.00000e+000 0.000 1.00000e+000 180.000 0.00000e+000 0.000 4.21620e-007 -90.000 2.20000e-004 179.987 5.83781e-007 -90.000 1.00500e-004 179.834
1.0000e+007 1.00000e+000 180.000 0.00000e+000 0.000 1.00000e+000 180.000 0.00000e+000 0.000 5.44543e-007 -90.000 2.20000e-004 179.984 7.53982e-007 -90.000 1.00501e-004 179.785
1.2915e+007 1.00000e+000 180.000 0.00000e+000 0.000 1.00000e+000 180.000 0.00000e+000 0.000 7.03304e-007 -90.000 2.20000e-004 179.979 9.73806e-007 -90.000 1.00501e-004 179.722
1.6681e+007 1.00000e+000 180.000 0.00000e+000 0.000 1.00000e+000 180.000 0.00000e+000 0.000 9.08352e-007 -90.000 2.20000e-004 179.973 1.25772e-006 -90.000 1.00502e-004 179.641
2.1544e+007 1.00000e+000 180.000 0.00000e+000 0.000 1.00000e+000 180.000 0.00000e+000 0.000 1.17318e-006 -90.000 2.20000e-004 179.965 1.62441e-006 -90.000 1.00503e-004 179.537
2.7826e+007 1.00000e+000 180.000 0.00000e+000 0.000 1.00000e+000 180.000 0.00000e+000 0.000 1.51522e-006 -90.000 2.20000e-004 179.954 2.09800e-006 -90.000 1.00505e-004 179.402
3.5938e+007 1.00000e+000 180.000 0.00000e+000 0.000 1.00000e+000 180.000 0.00000e+000 0.000 1.95699e-006 -90.000 2.20000e-004 179.941 2.70967e-006 -90.000 1.00509e-004 179.228
4.6416e+007 1.00000e+000 180.000 0.00000e+000 0.000 1.00000e+000 180.000 0.00000e+000 0.000 2.52754e-006 -90.000 2.20000e-004 179.924 3.49968e-006 -90.000 1.00515e-004 179.003
5.9948e+007 1.00000e+000 180.000 0.00000e+000 0.000 1.00000e+000 180.000 0.00000e+000 0.000 3.26445e-006 -90.000 2.20000e-004 179.902 4.52000e-006 -90.000 1.00525e-004 178.712
7.7426e+007 1.00000e+000 180.000 0.00000e+000 0.000 1.00000e+000 180.000 0.00000e+000 0.000 4.21620e-006 -90.000 2.20001e-004 179.873 5.83781e-006 -90.000 1.00542e-004 178.336
1.0000e+008 1.00000e+000 180.000 0.00000e+000 0.000 1.00000e+000 180.000 0.00000e+000 0.000 5.44543e-006 -90.000 2.20001e-004 179.836 7.53982e-006 -90.000 1.00571e-004 177.852
1.2915e+008 1.00000e+000 180.000 0.00000e+000 0.000 1.00000e+000 180.000 0.00000e+000 0.000 7.03304e-006 -90.000 2.20001e-004 179.789 9.73806e-006 -90.000 1.00618e-004 177.226
1.6681e+008 1.00000e+000 180.000 0.00000e+000 0.000 1.00000e+000 180.000 0.00000e+000 0.000 9.08352e-006 -90.000 2.20002e-004 179.727 1.25772e-005 -90.000 1.00697e-004 176.419
2.1544e+008 1.00000e+000 180.000 0.00000e+000 0.000 1.00000e+000 180.000 0.00000e+000 0.000 1.17318e-005 -90.000 2.20004e-004 179.647 1.62441e-005 -90.000 1.00828e-004 175.380
2.7826e+008 1.00000e+000 180.000 0.00000e+000 0.000 1.00000e+000 180.000 0.00000e+000 0.000 1.51522e-005 -90.000 2.20007e-004 179.545 2.09800e-005 -90.000 1.01046e-004 174.041
3.5938e+008 1.00000e+000 180.000 0.00000e+000 0.000 1.00000e+000 180.000 0.00000e+000 0.000 1.95699e-005 -90.000 2.20012e-004 179.412 2.70967e-005 -90.000 1.01409e-004 172.322
4.6416e+008 1.00000e+000 180.000 0.00000e+000 0.000 1.00000e+000 180.000 0.00000e+000 0.000 2.52754e-005 -90.000 2.20019e-004 179.241 3.49968e-005 -90.000 1.02012e-004 170.123
5.9948e+008 1.00000e+000 180.000 0.00000e+000 0.000 1.00000e+000 180.000 0.00000e+000 0.000 3.26445e-005 -90.000 2.20032e-004 179.019 4.52000e-005 -90.000 1.03010e-004 167.326
7.7426e+008 1.00000e+000 180.000 0.00000e+000 0.000 1.00000e+000 180.000 0.00000e+000 0.000 4.21620e-005 -90.000 2.20054e-004 178.733 5.83781e-005 -90.000 1.04653e-004 163.805
1.0000e+009 1.00000e+000 180.000 0.00000e+000 0.000 1.00000e+000 180.000 0.00000e+000 0.000 5.44543e-005 -90.000 2.20090e-004 178.364 7.53982e-005 -90.000 1.07338e-004 159.438
